#  R.M. Schwartz and M.O. Dayhoff:
#  "Matrices for Detecting Distant Relationships."
#  Margaret O. Dayhoff: Atlas of Protein Sequence and Structure,
#  Volume 5, Supplement 3, 1978, pages 353-358.
#  The National Biomedical Research Foundation, 1979.
#  Figure 85, page 354.
      A     R     N     D     C     Q     E     G     H     I     L     K     M     F     P     S     T     W     Y     V
A  0.18 -0.15  0.02  0.03 -0.20 -0.04  0.03  0.13 -0.14 -0.05 -0.19 -0.12 -0.11 -0.35  0.11  0.11  0.12 -0.58 -0.35  0.02 
R -0.15  0.61  0.00 -0.13 -0.36  0.13 -0.11 -0.26  0.16 -0.20 -0.30  0.34 -0.04 -0.45 -0.02 -0.03 -0.09  0.22 -0.42 -0.25 
N  0.02  0.00  0.20  0.21 -0.36  0.08  0.14  0.03  0.16 -0.18 -0.29  0.10 -0.17 -0.35 -0.05  0.07  0.04 -0.42 -0.21 -0.17 
D  0.03 -0.13  0.21  0.39 -0.51  0.16  0.34  0.06  0.07 -0.24 -0.40  0.01 -0.26 -0.56 -0.10  0.03 -0.01 -0.68 -0.43 -0.21 
C -0.20 -0.36 -0.36 -0.51  1.19 -0.54 -0.53 -0.34 -0.34 -0.23 -0.60 -0.54 -0.52 -0.43 -0.28  0.00 -0.22 -0.78  0.03 -0.19 
Q -0.04  0.13  0.08  0.16 -0.54  0.40  0.25 -0.12  0.29 -0.20 -0.18  0.07 -0.10 -0.47  0.02 -0.05 -0.08 -0.48 -0.40 -0.19 
E  0.03 -0.11  0.14  0.34 -0.53  0.25  0.38  0.02  0.07 -0.20 -0.34 -0.01 -0.21 -0.54 -0.06  0.00 -0.04 -0.70 -0.43 -0.18 
G  0.13 -0.26  0.03  0.06 -0.34 -0.12  0.02  0.48 -0.21 -0.26 -0.41 -0.17 -0.28 -0.48 -0.05  0.11  0.00 -0.70 -0.52 -0.14 
H -0.14  0.16  0.16  0.07 -0.34  0.29  0.07 -0.21  0.65 -0.24 -0.21  0.00 -0.21 -0.18 -0.02 -0.08 -0.13 -0.28 -0.01 -0.22 
I -0.05 -0.20 -0.18 -0.24 -0.23 -0.20 -0.20 -0.26 -0.24  0.45  0.24 -0.19  0.22  0.10 -0.20 -0.14  0.01 -0.51 -0.09  0.37 
L -0.19 -0.30 -0.29 -0.40 -0.60 -0.18 -0.34 -0.41 -0.21  0.24  0.59 -0.29  0.37  0.18 -0.25 -0.28 -0.17 -0.18 -0.09  0.19 
K -0.12  0.34  0.10  0.01 -0.54  0.07 -0.01 -0.17  0.00 -0.19 -0.29  0.47  0.04 -0.53 -0.11 -0.02  0.00 -0.35 -0.44 -0.24 
M -0.11 -0.04 -0.17 -0.26 -0.52 -0.10 -0.21 -0.28 -0.21  0.22  0.37  0.04  0.64  0.02 -0.21 -0.16 -0.06 -0.42 -0.24  0.18 
F -0.35 -0.45 -0.35 -0.56 -0.43 -0.47 -0.54 -0.48 -0.18  0.10  0.18 -0.53  0.02  0.91 -0.46 -0.32 -0.31  0.04  0.70 -0.12 
P  0.11 -0.02 -0.05 -0.10 -0.28  0.02 -0.06 -0.05 -0.02 -0.20 -0.25 -0.11 -0.21 -0.46  0.59  0.09  0.03 -0.56 -0.49 -0.12 
S  0.11 -0.03  0.07  0.03  0.00 -0.05  0.00  0.11 -0.08 -0.14 -0.28 -0.02 -0.16 -0.32  0.09  0.16  0.13 -0.25 -0.28 -0.10 
T  0.12 -0.09  0.04 -0.01 -0.22 -0.08 -0.04  0.00 -0.13  0.01 -0.17  0.00 -0.06 -0.31  0.03  0.13  0.26 -0.52 -0.27  0.03 
W -0.58  0.22 -0.42 -0.68 -0.78 -0.48 -0.70 -0.70 -0.28 -0.51 -0.18 -0.35 -0.42  0.04 -0.56 -0.25 -0.52  1.73 -0.02 -0.62 
Y -0.35 -0.42 -0.21 -0.43  0.03 -0.40 -0.43 -0.52 -0.01 -0.09 -0.09 -0.44 -0.24  0.70 -0.49 -0.28 -0.27 -0.02  1.01 -0.25 
V  0.02 -0.25 -0.17 -0.21 -0.19 -0.19 -0.18 -0.14 -0.22  0.37  0.19 -0.24  0.18 -0.12 -0.12 -0.10  0.03 -0.62 -0.25  0.43 
